Parameters : 
(10,) -- tanh -- invscaling -- 0.2 -- 500 -- 
 
Avg accuracy : 68.1733646447
([0.0], 6.0, 5.7551) -- ([0.1], 5.99, 5.7551) -- ([0.2], 5.9601, 5.7551) -- ([0.3], 5.9106, 5.7551) -- ([0.4], 5.8421, 5.8421) -- ([0.5], 5.7551, 5.8421) -- ([0.6], 5.6506, 5.8421) -- ([0.7], 5.5296, 5.8421) -- ([0.8], 5.3934, 5.8421) -- ([0.9], 5.2432, 5.8421) -- ([1.0], 5.0806, 5.8421) -- ([1.1], 4.9071, 5.8421) -- ([1.2], 4.7247, 5.8421) -- ([1.3], 4.5349, 5.8421) -- ([1.4], 4.3399, 5.8421) -- ([1.5], 4.1414, 5.8421) -- ([1.6], 3.9416, 5.8421) -- ([1.7], 3.7423, 5.8421) -- ([1.8], 3.5455, 5.8421) -- ([1.9], 3.3534, 5.8421) -- ([2.0], 3.1677, 5.8421) -- ([2.1], 2.9903, 5.8421) -- ([2.2], 2.8229, 4.3399) -- ([2.3], 2.6674, 4.3399) -- ([2.4], 2.5252, 4.3399) -- ([2.5], 2.3977, 4.3399) -- ([2.6], 2.2862, 2.1918) -- ([2.7], 2.1918, 2.1918) -- ([2.8], 2.1155, 2.1918) -- ([2.9], 2.058, 2.1918) -- ([3.0], 2.02, 2.1918) -- ([3.1], 2.0017, 2.1918) -- ([3.2], 2.0034, 2.1918) -- ([3.3], 2.025, 2.1918) -- ([3.4], 2.0664, 2.6927) -- ([3.5], 2.127, 2.6927) -- ([3.6], 2.2064, 2.6927) -- ([3.7], 2.3037, 2.6927) -- ([3.8], 2.418, 2.6927) -- ([3.9], 2.5481, 2.6927) -- ([4.0], 2.6927, 2.6927) -- ([4.1], 2.8503, 2.3037) -- ([4.2], 3.0194, 2.3037) -- ([4.3], 3.1984, 2.3037) -- ([4.4], 3.3853, 2.3037) -- ([4.5], 3.5784, 2.3037) -- ([4.6], 3.7756, 2.3037) -- ([4.7], 3.9752, 5.6314) -- ([4.8], 4.1749, 5.6314) -- ([4.9], 4.373, 5.6314) -- ([5.0], 4.5673, 2.3218) -- ([5.1], 4.7559, 2.3218) -- ([5.2], 4.937, 2.3218) -- ([5.3], 5.1087, 2.3218) -- ([5.4], 5.2693, 2.3218) -- ([5.5], 5.4173, 2.3218) -- ([5.6], 5.5511, 2.3218) -- ([5.7], 5.6694, 2.3218) -- ([5.8], 5.771, 2.3218) -- ([5.9], 5.8549, 2.3218) -- ([6.0], 5.9203, 2.3218) -- ([6.1], 5.9665, 2.3218) -- ([6.2], 5.993, 2.3218) -- ([6.3], 5.9997, 2.3218) -- ([6.4], 5.9863, 2.3218) -- ([6.5], 5.9531, 2.3218) -- ([6.6], 5.9004, 2.3218) -- ([6.7], 5.8287, 2.3218) -- ([6.8], 5.7387, 2.3218) -- ([6.9], 5.6314, 2.3218) -- ([7.0], 5.5078, 2.3218) -- ([7.1], 5.369, 2.3218) -- ([7.2], 5.2167, 2.3218) -- ([7.3], 5.0521, 2.3218) -- ([7.4], 4.877, 2.3218) -- ([7.5], 4.6932, 2.3218) -- ([7.6], 4.5025, 2.3218) -- ([7.7], 4.3067, 2.3218) -- ([7.8], 4.1079, 2.3218) -- ([7.9], 3.9079, 2.3218) -- ([8.0], 3.7089, 2.3218) -- ([8.1], 3.5129, 2.3218) -- ([8.2], 3.3216, 2.3218) -- ([8.3], 3.1372, 2.3218) -- ([8.4], 2.9614, 2.3218) -- ([8.5], 2.7959, 2.3218) -- ([8.6], 2.6425, 2.3218) -- ([8.7], 2.5027, 2.3218) -- ([8.8], 2.3778, 2.3218) -- ([8.9], 2.2691, 2.3218) -- ([9.0], 2.1777, 2.3218) -- ([9.1], 2.1045, 2.3218) -- ([9.2], 2.0503, 2.3218) -- ([9.3], 2.0155, 2.3218) -- ([9.4], 2.0006, 2.3218) -- ([9.5], 2.0056, 2.3218) -- ([9.6], 2.0306, 2.3218) -- ([9.7], 2.0752, 2.3218) -- ([9.8], 2.1391, 2.3218) -- ([9.9], 2.2216, 2.3218) -- ([10.0], 2.3218, 2.3218) -- 
 Accuracy : 67.1224334498

([0.0], 6.0, 5.8421) -- ([0.1], 5.99, 5.8421) -- ([0.2], 5.9601, 5.8421) -- ([0.3], 5.9106, 5.8421) -- ([0.4], 5.8421, 5.8421) -- ([0.5], 5.7551, 5.8421) -- ([0.6], 5.6506, 5.8421) -- ([0.7], 5.5296, 5.8421) -- ([0.8], 5.3934, 5.8421) -- ([0.9], 5.2432, 5.8421) -- ([1.0], 5.0806, 5.8421) -- ([1.1], 4.9071, 5.8421) -- ([1.2], 4.7247, 5.8421) -- ([1.3], 4.5349, 5.8421) -- ([1.4], 4.3399, 5.8421) -- ([1.5], 4.1414, 5.8421) -- ([1.6], 3.9416, 5.8421) -- ([1.7], 3.7423, 5.8421) -- ([1.8], 3.5455, 5.8421) -- ([1.9], 3.3534, 5.8421) -- ([2.0], 3.1677, 5.8421) -- ([2.1], 2.9903, 3.7423) -- ([2.2], 2.8229, 3.7423) -- ([2.3], 2.6674, 3.7423) -- ([2.4], 2.5252, 3.7423) -- ([2.5], 2.3977, 2.3977) -- ([2.6], 2.2862, 2.3977) -- ([2.7], 2.1918, 2.3977) -- ([2.8], 2.1155, 2.3977) -- ([2.9], 2.058, 2.3977) -- ([3.0], 2.02, 2.3977) -- ([3.1], 2.0017, 2.3977) -- ([3.2], 2.0034, 2.3977) -- ([3.3], 2.025, 2.3977) -- ([3.4], 2.0664, 2.3977) -- ([3.5], 2.127, 2.3977) -- ([3.6], 2.2064, 2.3977) -- ([3.7], 2.3037, 2.3977) -- ([3.8], 2.418, 2.3977) -- ([3.9], 2.5481, 4.1749) -- ([4.0], 2.6927, 4.1749) -- ([4.1], 2.8503, 4.1749) -- ([4.2], 3.0194, 4.1749) -- ([4.3], 3.1984, 4.1749) -- ([4.4], 3.3853, 4.1749) -- ([4.5], 3.5784, 4.1749) -- ([4.6], 3.7756, 4.1749) -- ([4.7], 3.9752, 4.1749) -- ([4.8], 4.1749, 5.8549) -- ([4.9], 4.373, 5.8549) -- ([5.0], 4.5673, 5.8549) -- ([5.1], 4.7559, 5.8549) -- ([5.2], 4.937, 5.6314) -- ([5.3], 5.1087, 5.6314) -- ([5.4], 5.2693, 5.6314) -- ([5.5], 5.4173, 5.6314) -- ([5.6], 5.5511, 5.6314) -- ([5.7], 5.6694, 5.6314) -- ([5.8], 5.771, 5.6314) -- ([5.9], 5.8549, 3.9079) -- ([6.0], 5.9203, 2.3218) -- ([6.1], 5.9665, 2.3218) -- ([6.2], 5.993, 2.3218) -- ([6.3], 5.9997, 2.3218) -- ([6.4], 5.9863, 2.3218) -- ([6.5], 5.9531, 2.3218) -- ([6.6], 5.9004, 2.3218) -- ([6.7], 5.8287, 2.3218) -- ([6.8], 5.7387, 2.3218) -- ([6.9], 5.6314, 2.3218) -- ([7.0], 5.5078, 2.3218) -- ([7.1], 5.369, 2.3218) -- ([7.2], 5.2167, 2.3218) -- ([7.3], 5.0521, 2.3218) -- ([7.4], 4.877, 2.3218) -- ([7.5], 4.6932, 2.3218) -- ([7.6], 4.5025, 2.3218) -- ([7.7], 4.3067, 2.3218) -- ([7.8], 4.1079, 2.3218) -- ([7.9], 3.9079, 2.3218) -- ([8.0], 3.7089, 2.3218) -- ([8.1], 3.5129, 2.3218) -- ([8.2], 3.3216, 2.3218) -- ([8.3], 3.1372, 2.3218) -- ([8.4], 2.9614, 2.3218) -- ([8.5], 2.7959, 2.3218) -- ([8.6], 2.6425, 2.3218) -- ([8.7], 2.5027, 2.3218) -- ([8.8], 2.3778, 2.3218) -- ([8.9], 2.2691, 2.3218) -- ([9.0], 2.1777, 2.3218) -- ([9.1], 2.1045, 2.3218) -- ([9.2], 2.0503, 2.3218) -- ([9.3], 2.0155, 2.3218) -- ([9.4], 2.0006, 2.3218) -- ([9.5], 2.0056, 2.3218) -- ([9.6], 2.0306, 2.3218) -- ([9.7], 2.0752, 2.3218) -- ([9.8], 2.1391, 2.3218) -- ([9.9], 2.2216, 2.3218) -- ([10.0], 2.3218, 2.3218) -- 
 Accuracy : 72.8346363373

([0.0], 6.0, 5.99) -- ([0.1], 5.99, 5.99) -- ([0.2], 5.9601, 5.99) -- ([0.3], 5.9106, 5.99) -- ([0.4], 5.8421, 5.99) -- ([0.5], 5.7551, 5.99) -- ([0.6], 5.6506, 5.99) -- ([0.7], 5.5296, 5.99) -- ([0.8], 5.3934, 5.99) -- ([0.9], 5.2432, 5.99) -- ([1.0], 5.0806, 5.99) -- ([1.1], 4.9071, 5.99) -- ([1.2], 4.7247, 5.99) -- ([1.3], 4.5349, 5.99) -- ([1.4], 4.3399, 5.99) -- ([1.5], 4.1414, 5.8421) -- ([1.6], 3.9416, 5.8421) -- ([1.7], 3.7423, 3.1677) -- ([1.8], 3.5455, 3.1677) -- ([1.9], 3.3534, 3.1677) -- ([2.0], 3.1677, 3.1677) -- ([2.1], 2.9903, 3.1677) -- ([2.2], 2.8229, 3.1677) -- ([2.3], 2.6674, 3.1677) -- ([2.4], 2.5252, 3.1677) -- ([2.5], 2.3977, 3.1677) -- ([2.6], 2.2862, 3.1677) -- ([2.7], 2.1918, 3.1677) -- ([2.8], 2.1155, 3.1677) -- ([2.9], 2.058, 2.025) -- ([3.0], 2.02, 2.025) -- ([3.1], 2.0017, 2.025) -- ([3.2], 2.0034, 2.025) -- ([3.3], 2.025, 2.025) -- ([3.4], 2.0664, 2.025) -- ([3.5], 2.127, 2.025) -- ([3.6], 2.2064, 2.025) -- ([3.7], 2.3037, 2.025) -- ([3.8], 2.418, 2.025) -- ([3.9], 2.5481, 2.025) -- ([4.0], 2.6927, 2.025) -- ([4.1], 2.8503, 2.025) -- ([4.2], 3.0194, 2.025) -- ([4.3], 3.1984, 3.7756) -- ([4.4], 3.3853, 3.7756) -- ([4.5], 3.5784, 3.7756) -- ([4.6], 3.7756, 3.7756) -- ([4.7], 3.9752, 3.7756) -- ([4.8], 4.1749, 3.7756) -- ([4.9], 4.373, 4.1079) -- ([5.0], 4.5673, 4.1079) -- ([5.1], 4.7559, 4.1079) -- ([5.2], 4.937, 4.1079) -- ([5.3], 5.1087, 4.1079) -- ([5.4], 5.2693, 4.1079) -- ([5.5], 5.4173, 4.1079) -- ([5.6], 5.5511, 4.1079) -- ([5.7], 5.6694, 2.0503) -- ([5.8], 5.771, 2.0503) -- ([5.9], 5.8549, 2.0503) -- ([6.0], 5.9203, 2.0503) -- ([6.1], 5.9665, 2.0503) -- ([6.2], 5.993, 2.0503) -- ([6.3], 5.9997, 2.0503) -- ([6.4], 5.9863, 2.0503) -- ([6.5], 5.9531, 2.3218) -- ([6.6], 5.9004, 2.3218) -- ([6.7], 5.8287, 2.3218) -- ([6.8], 5.7387, 2.3218) -- ([6.9], 5.6314, 2.3218) -- ([7.0], 5.5078, 2.3218) -- ([7.1], 5.369, 2.3218) -- ([7.2], 5.2167, 2.3218) -- ([7.3], 5.0521, 2.3218) -- ([7.4], 4.877, 2.3218) -- ([7.5], 4.6932, 2.3218) -- ([7.6], 4.5025, 2.3218) -- ([7.7], 4.3067, 2.3218) -- ([7.8], 4.1079, 2.3218) -- ([7.9], 3.9079, 2.3218) -- ([8.0], 3.7089, 2.3218) -- ([8.1], 3.5129, 2.3218) -- ([8.2], 3.3216, 2.3218) -- ([8.3], 3.1372, 2.3218) -- ([8.4], 2.9614, 2.3218) -- ([8.5], 2.7959, 2.3218) -- ([8.6], 2.6425, 2.3218) -- ([8.7], 2.5027, 2.3218) -- ([8.8], 2.3778, 2.3218) -- ([8.9], 2.2691, 2.3218) -- ([9.0], 2.1777, 2.3218) -- ([9.1], 2.1045, 2.3218) -- ([9.2], 2.0503, 2.3218) -- ([9.3], 2.0155, 2.3218) -- ([9.4], 2.0006, 2.3218) -- ([9.5], 2.0056, 2.3218) -- ([9.6], 2.0306, 2.3218) -- ([9.7], 2.0752, 2.3218) -- ([9.8], 2.1391, 2.3218) -- ([9.9], 2.2216, 2.3218) -- ([10.0], 2.3218, 2.3218) -- 
 Accuracy : 75.1502594252

([0.0], 6.0, 6.0) -- ([0.1], 5.99, 6.0) -- ([0.2], 5.9601, 6.0) -- ([0.3], 5.9106, 6.0) -- ([0.4], 5.8421, 6.0) -- ([0.5], 5.7551, 6.0) -- ([0.6], 5.6506, 6.0) -- ([0.7], 5.5296, 6.0) -- ([0.8], 5.3934, 5.5296) -- ([0.9], 5.2432, 5.5296) -- ([1.0], 5.0806, 5.5296) -- ([1.1], 4.9071, 5.5296) -- ([1.2], 4.7247, 5.5296) -- ([1.3], 4.5349, 5.5296) -- ([1.4], 4.3399, 5.5296) -- ([1.5], 4.1414, 5.5296) -- ([1.6], 3.9416, 5.5296) -- ([1.7], 3.7423, 5.5296) -- ([1.8], 3.5455, 2.9903) -- ([1.9], 3.3534, 2.9903) -- ([2.0], 3.1677, 2.9903) -- ([2.1], 2.9903, 2.9903) -- ([2.2], 2.8229, 2.9903) -- ([2.3], 2.6674, 2.9903) -- ([2.4], 2.5252, 2.9903) -- ([2.5], 2.3977, 2.9903) -- ([2.6], 2.2862, 2.9903) -- ([2.7], 2.1918, 2.9903) -- ([2.8], 2.1155, 2.9903) -- ([2.9], 2.058, 2.9903) -- ([3.0], 2.02, 2.9903) -- ([3.1], 2.0017, 2.9903) -- ([3.2], 2.0034, 2.9903) -- ([3.3], 2.025, 2.9903) -- ([3.4], 2.0664, 2.9903) -- ([3.5], 2.127, 2.9903) -- ([3.6], 2.2064, 2.9903) -- ([3.7], 2.3037, 4.1749) -- ([3.8], 2.418, 4.1749) -- ([3.9], 2.5481, 4.1749) -- ([4.0], 2.6927, 4.1749) -- ([4.1], 2.8503, 4.1749) -- ([4.2], 3.0194, 4.1749) -- ([4.3], 3.1984, 4.1749) -- ([4.4], 3.3853, 4.1749) -- ([4.5], 3.5784, 4.1749) -- ([4.6], 3.7756, 4.1749) -- ([4.7], 3.9752, 2.3218) -- ([4.8], 4.1749, 2.3218) -- ([4.9], 4.373, 2.3218) -- ([5.0], 4.5673, 2.3218) -- ([5.1], 4.7559, 2.3218) -- ([5.2], 4.937, 2.3218) -- ([5.3], 5.1087, 2.3218) -- ([5.4], 5.2693, 2.3218) -- ([5.5], 5.4173, 2.3218) -- ([5.6], 5.5511, 2.3218) -- ([5.7], 5.6694, 2.3218) -- ([5.8], 5.771, 2.3218) -- ([5.9], 5.8549, 2.3218) -- ([6.0], 5.9203, 2.3218) -- ([6.1], 5.9665, 2.3218) -- ([6.2], 5.993, 2.3218) -- ([6.3], 5.9997, 2.3218) -- ([6.4], 5.9863, 2.3218) -- ([6.5], 5.9531, 2.3218) -- ([6.6], 5.9004, 2.3218) -- ([6.7], 5.8287, 2.3218) -- ([6.8], 5.7387, 2.3218) -- ([6.9], 5.6314, 2.3218) -- ([7.0], 5.5078, 2.3218) -- ([7.1], 5.369, 2.3218) -- ([7.2], 5.2167, 2.3218) -- ([7.3], 5.0521, 2.3218) -- ([7.4], 4.877, 2.3218) -- ([7.5], 4.6932, 2.3218) -- ([7.6], 4.5025, 2.3218) -- ([7.7], 4.3067, 2.3218) -- ([7.8], 4.1079, 2.3218) -- ([7.9], 3.9079, 2.3218) -- ([8.0], 3.7089, 2.3218) -- ([8.1], 3.5129, 2.3218) -- ([8.2], 3.3216, 2.3218) -- ([8.3], 3.1372, 2.3218) -- ([8.4], 2.9614, 2.3218) -- ([8.5], 2.7959, 2.3218) -- ([8.6], 2.6425, 2.3218) -- ([8.7], 2.5027, 2.3218) -- ([8.8], 2.3778, 2.3218) -- ([8.9], 2.2691, 2.3218) -- ([9.0], 2.1777, 2.3218) -- ([9.1], 2.1045, 2.3218) -- ([9.2], 2.0503, 2.3218) -- ([9.3], 2.0155, 2.3218) -- ([9.4], 2.0006, 2.3218) -- ([9.5], 2.0056, 2.3218) -- ([9.6], 2.0306, 2.3218) -- ([9.7], 2.0752, 2.3218) -- ([9.8], 2.1391, 2.3218) -- ([9.9], 2.2216, 2.2216) -- ([10.0], 2.3218, 2.2216) -- 
 Accuracy : 66.8192866898

([0.0], 6.0, 6.0) -- ([0.1], 5.99, 6.0) -- ([0.2], 5.9601, 6.0) -- ([0.3], 5.9106, 6.0) -- ([0.4], 5.8421, 6.0) -- ([0.5], 5.7551, 6.0) -- ([0.6], 5.6506, 6.0) -- ([0.7], 5.5296, 6.0) -- ([0.8], 5.3934, 6.0) -- ([0.9], 5.2432, 6.0) -- ([1.0], 5.0806, 6.0) -- ([1.1], 4.9071, 6.0) -- ([1.2], 4.7247, 6.0) -- ([1.3], 4.5349, 6.0) -- ([1.4], 4.3399, 5.5296) -- ([1.5], 4.1414, 5.5296) -- ([1.6], 3.9416, 5.5296) -- ([1.7], 3.7423, 5.5296) -- ([1.8], 3.5455, 5.5296) -- ([1.9], 3.3534, 5.5296) -- ([2.0], 3.1677, 5.5296) -- ([2.1], 2.9903, 5.5296) -- ([2.2], 2.8229, 4.1414) -- ([2.3], 2.6674, 4.1414) -- ([2.4], 2.5252, 2.9903) -- ([2.5], 2.3977, 2.9903) -- ([2.6], 2.2862, 2.9903) -- ([2.7], 2.1918, 2.9903) -- ([2.8], 2.1155, 2.9903) -- ([2.9], 2.058, 2.9903) -- ([3.0], 2.02, 2.9903) -- ([3.1], 2.0017, 2.9903) -- ([3.2], 2.0034, 2.9903) -- ([3.3], 2.025, 2.9903) -- ([3.4], 2.0664, 2.9903) -- ([3.5], 2.127, 2.9903) -- ([3.6], 2.2064, 2.025) -- ([3.7], 2.3037, 2.025) -- ([3.8], 2.418, 2.025) -- ([3.9], 2.5481, 2.025) -- ([4.0], 2.6927, 2.025) -- ([4.1], 2.8503, 2.025) -- ([4.2], 3.0194, 2.025) -- ([4.3], 3.1984, 2.025) -- ([4.4], 3.3853, 2.025) -- ([4.5], 3.5784, 2.025) -- ([4.6], 3.7756, 4.1749) -- ([4.7], 3.9752, 4.1749) -- ([4.8], 4.1749, 5.6314) -- ([4.9], 4.373, 5.6314) -- ([5.0], 4.5673, 5.6314) -- ([5.1], 4.7559, 5.6314) -- ([5.2], 4.937, 5.6314) -- ([5.3], 5.1087, 5.6314) -- ([5.4], 5.2693, 5.6314) -- ([5.5], 5.4173, 5.6314) -- ([5.6], 5.5511, 5.6314) -- ([5.7], 5.6694, 2.3218) -- ([5.8], 5.771, 2.3218) -- ([5.9], 5.8549, 2.3218) -- ([6.0], 5.9203, 2.3218) -- ([6.1], 5.9665, 2.3218) -- ([6.2], 5.993, 2.3218) -- ([6.3], 5.9997, 2.3218) -- ([6.4], 5.9863, 2.3218) -- ([6.5], 5.9531, 2.3218) -- ([6.6], 5.9004, 2.3218) -- ([6.7], 5.8287, 2.3218) -- ([6.8], 5.7387, 2.3218) -- ([6.9], 5.6314, 2.3218) -- ([7.0], 5.5078, 2.3218) -- ([7.1], 5.369, 2.3218) -- ([7.2], 5.2167, 2.3218) -- ([7.3], 5.0521, 2.3218) -- ([7.4], 4.877, 2.3218) -- ([7.5], 4.6932, 2.3218) -- ([7.6], 4.5025, 2.3218) -- ([7.7], 4.3067, 2.3218) -- ([7.8], 4.1079, 2.3218) -- ([7.9], 3.9079, 2.3218) -- ([8.0], 3.7089, 2.3218) -- ([8.1], 3.5129, 2.3218) -- ([8.2], 3.3216, 2.3218) -- ([8.3], 3.1372, 2.3218) -- ([8.4], 2.9614, 2.3218) -- ([8.5], 2.7959, 2.3218) -- ([8.6], 2.6425, 2.3218) -- ([8.7], 2.5027, 2.3218) -- ([8.8], 2.3778, 2.3218) -- ([8.9], 2.2691, 2.3218) -- ([9.0], 2.1777, 2.3218) -- ([9.1], 2.1045, 2.3218) -- ([9.2], 2.0503, 2.3218) -- ([9.3], 2.0155, 2.3218) -- ([9.4], 2.0006, 2.3218) -- ([9.5], 2.0056, 2.3218) -- ([9.6], 2.0306, 2.3218) -- ([9.7], 2.0752, 2.3218) -- ([9.8], 2.1391, 2.3218) -- ([9.9], 2.2216, 2.3218) -- ([10.0], 2.3218, 2.3218) -- 
 Accuracy : 68.5549720124

([0.0], 6.0, 5.99) -- ([0.1], 5.99, 5.99) -- ([0.2], 5.9601, 5.99) -- ([0.3], 5.9106, 5.99) -- ([0.4], 5.8421, 5.99) -- ([0.5], 5.7551, 5.99) -- ([0.6], 5.6506, 5.99) -- ([0.7], 5.5296, 5.99) -- ([0.8], 5.3934, 5.99) -- ([0.9], 5.2432, 5.99) -- ([1.0], 5.0806, 5.99) -- ([1.1], 4.9071, 5.99) -- ([1.2], 4.7247, 5.99) -- ([1.3], 4.5349, 5.99) -- ([1.4], 4.3399, 5.8421) -- ([1.5], 4.1414, 5.8421) -- ([1.6], 3.9416, 5.8421) -- ([1.7], 3.7423, 5.8421) -- ([1.8], 3.5455, 5.8421) -- ([1.9], 3.3534, 5.8421) -- ([2.0], 3.1677, 5.8421) -- ([2.1], 2.9903, 5.8421) -- ([2.2], 2.8229, 2.9903) -- ([2.3], 2.6674, 2.9903) -- ([2.4], 2.5252, 2.9903) -- ([2.5], 2.3977, 2.9903) -- ([2.6], 2.2862, 2.1918) -- ([2.7], 2.1918, 2.1918) -- ([2.8], 2.1155, 2.1918) -- ([2.9], 2.058, 2.1918) -- ([3.0], 2.02, 2.1918) -- ([3.1], 2.0017, 2.1918) -- ([3.2], 2.0034, 2.1918) -- ([3.3], 2.025, 2.1918) -- ([3.4], 2.0664, 2.1918) -- ([3.5], 2.127, 2.1918) -- ([3.6], 2.2064, 2.1918) -- ([3.7], 2.3037, 2.1918) -- ([3.8], 2.418, 2.025) -- ([3.9], 2.5481, 2.025) -- ([4.0], 2.6927, 2.025) -- ([4.1], 2.8503, 3.7756) -- ([4.2], 3.0194, 3.7756) -- ([4.3], 3.1984, 3.7756) -- ([4.4], 3.3853, 3.7756) -- ([4.5], 3.5784, 3.7756) -- ([4.6], 3.7756, 3.7756) -- ([4.7], 3.9752, 3.7756) -- ([4.8], 4.1749, 3.7756) -- ([4.9], 4.373, 5.6314) -- ([5.0], 4.5673, 5.6314) -- ([5.1], 4.7559, 5.6314) -- ([5.2], 4.937, 5.6314) -- ([5.3], 5.1087, 5.6314) -- ([5.4], 5.2693, 5.6314) -- ([5.5], 5.4173, 5.6314) -- ([5.6], 5.5511, 5.6314) -- ([5.7], 5.6694, 2.0503) -- ([5.8], 5.771, 2.0503) -- ([5.9], 5.8549, 2.0503) -- ([6.0], 5.9203, 2.0503) -- ([6.1], 5.9665, 2.0503) -- ([6.2], 5.993, 2.0503) -- ([6.3], 5.9997, 2.3218) -- ([6.4], 5.9863, 2.3218) -- ([6.5], 5.9531, 2.3218) -- ([6.6], 5.9004, 2.3218) -- ([6.7], 5.8287, 2.3218) -- ([6.8], 5.7387, 2.3218) -- ([6.9], 5.6314, 2.3218) -- ([7.0], 5.5078, 2.3218) -- ([7.1], 5.369, 2.3218) -- ([7.2], 5.2167, 2.3218) -- ([7.3], 5.0521, 2.3218) -- ([7.4], 4.877, 2.3218) -- ([7.5], 4.6932, 2.3218) -- ([7.6], 4.5025, 2.3218) -- ([7.7], 4.3067, 2.3218) -- ([7.8], 4.1079, 2.3218) -- ([7.9], 3.9079, 2.3218) -- ([8.0], 3.7089, 2.3218) -- ([8.1], 3.5129, 2.3218) -- ([8.2], 3.3216, 2.3218) -- ([8.3], 3.1372, 2.3218) -- ([8.4], 2.9614, 2.3218) -- ([8.5], 2.7959, 2.3218) -- ([8.6], 2.6425, 2.3218) -- ([8.7], 2.5027, 2.3218) -- ([8.8], 2.3778, 2.3218) -- ([8.9], 2.2691, 2.3218) -- ([9.0], 2.1777, 2.3218) -- ([9.1], 2.1045, 2.3218) -- ([9.2], 2.0503, 2.3218) -- ([9.3], 2.0155, 2.3218) -- ([9.4], 2.0006, 2.3218) -- ([9.5], 2.0056, 2.3218) -- ([9.6], 2.0306, 2.3218) -- ([9.7], 2.0752, 2.3218) -- ([9.8], 2.1391, 2.3218) -- ([9.9], 2.2216, 2.3218) -- ([10.0], 2.3218, 2.3218) -- 
 Accuracy : 73.5423333787

([0.0], 6.0, 5.8421) -- ([0.1], 5.99, 5.8421) -- ([0.2], 5.9601, 5.8421) -- ([0.3], 5.9106, 5.8421) -- ([0.4], 5.8421, 5.8421) -- ([0.5], 5.7551, 5.8421) -- ([0.6], 5.6506, 5.8421) -- ([0.7], 5.5296, 5.8421) -- ([0.8], 5.3934, 5.8421) -- ([0.9], 5.2432, 5.8421) -- ([1.0], 5.0806, 5.8421) -- ([1.1], 4.9071, 5.8421) -- ([1.2], 4.7247, 5.8421) -- ([1.3], 4.5349, 5.8421) -- ([1.4], 4.3399, 5.8421) -- ([1.5], 4.1414, 5.8421) -- ([1.6], 3.9416, 5.8421) -- ([1.7], 3.7423, 5.8421) -- ([1.8], 3.5455, 5.8421) -- ([1.9], 3.3534, 5.8421) -- ([2.0], 3.1677, 5.8421) -- ([2.1], 2.9903, 3.9416) -- ([2.2], 2.8229, 3.9416) -- ([2.3], 2.6674, 4.1414) -- ([2.4], 2.5252, 4.1414) -- ([2.5], 2.3977, 2.9903) -- ([2.6], 2.2862, 2.9903) -- ([2.7], 2.1918, 2.9903) -- ([2.8], 2.1155, 2.9903) -- ([2.9], 2.058, 2.9903) -- ([3.0], 2.02, 2.9903) -- ([3.1], 2.0017, 2.9903) -- ([3.2], 2.0034, 2.9903) -- ([3.3], 2.025, 2.9903) -- ([3.4], 2.0664, 2.9903) -- ([3.5], 2.127, 4.5673) -- ([3.6], 2.2064, 4.5673) -- ([3.7], 2.3037, 4.5673) -- ([3.8], 2.418, 4.5673) -- ([3.9], 2.5481, 4.5673) -- ([4.0], 2.6927, 4.5673) -- ([4.1], 2.8503, 4.5673) -- ([4.2], 3.0194, 4.5673) -- ([4.3], 3.1984, 4.5673) -- ([4.4], 3.3853, 4.5673) -- ([4.5], 3.5784, 4.5673) -- ([4.6], 3.7756, 4.5673) -- ([4.7], 3.9752, 3.9079) -- ([4.8], 4.1749, 3.9079) -- ([4.9], 4.373, 3.9079) -- ([5.0], 4.5673, 3.9079) -- ([5.1], 4.7559, 3.9079) -- ([5.2], 4.937, 5.6314) -- ([5.3], 5.1087, 5.6314) -- ([5.4], 5.2693, 5.6314) -- ([5.5], 5.4173, 5.6314) -- ([5.6], 5.5511, 5.6314) -- ([5.7], 5.6694, 2.3218) -- ([5.8], 5.771, 2.3218) -- ([5.9], 5.8549, 2.3218) -- ([6.0], 5.9203, 2.3218) -- ([6.1], 5.9665, 2.3218) -- ([6.2], 5.993, 2.3218) -- ([6.3], 5.9997, 2.3218) -- ([6.4], 5.9863, 2.3218) -- ([6.5], 5.9531, 2.3218) -- ([6.6], 5.9004, 2.3218) -- ([6.7], 5.8287, 2.3218) -- ([6.8], 5.7387, 2.3218) -- ([6.9], 5.6314, 2.3218) -- ([7.0], 5.5078, 2.3218) -- ([7.1], 5.369, 2.3218) -- ([7.2], 5.2167, 2.3218) -- ([7.3], 5.0521, 2.3218) -- ([7.4], 4.877, 2.3218) -- ([7.5], 4.6932, 2.3218) -- ([7.6], 4.5025, 2.3218) -- ([7.7], 4.3067, 2.3218) -- ([7.8], 4.1079, 2.3218) -- ([7.9], 3.9079, 2.3218) -- ([8.0], 3.7089, 2.3218) -- ([8.1], 3.5129, 2.3218) -- ([8.2], 3.3216, 2.3218) -- ([8.3], 3.1372, 2.3218) -- ([8.4], 2.9614, 2.3218) -- ([8.5], 2.7959, 2.3218) -- ([8.6], 2.6425, 2.3218) -- ([8.7], 2.5027, 2.3218) -- ([8.8], 2.3778, 2.3218) -- ([8.9], 2.2691, 2.3218) -- ([9.0], 2.1777, 2.3218) -- ([9.1], 2.1045, 2.3218) -- ([9.2], 2.0503, 2.3218) -- ([9.3], 2.0155, 2.3218) -- ([9.4], 2.0006, 2.3218) -- ([9.5], 2.0056, 2.3218) -- ([9.6], 2.0306, 2.3218) -- ([9.7], 2.0752, 2.3218) -- ([9.8], 2.1391, 2.3218) -- ([9.9], 2.2216, 2.3218) -- ([10.0], 2.3218, 2.3218) -- 
 Accuracy : 64.1880268723

([0.0], 6.0, 5.8421) -- ([0.1], 5.99, 5.8421) -- ([0.2], 5.9601, 5.8421) -- ([0.3], 5.9106, 5.8421) -- ([0.4], 5.8421, 5.8421) -- ([0.5], 5.7551, 5.8421) -- ([0.6], 5.6506, 5.8421) -- ([0.7], 5.5296, 5.8421) -- ([0.8], 5.3934, 5.8421) -- ([0.9], 5.2432, 5.8421) -- ([1.0], 5.0806, 5.8421) -- ([1.1], 4.9071, 5.8421) -- ([1.2], 4.7247, 5.8421) -- ([1.3], 4.5349, 5.8421) -- ([1.4], 4.3399, 5.8421) -- ([1.5], 4.1414, 5.8421) -- ([1.6], 3.9416, 3.9416) -- ([1.7], 3.7423, 3.9416) -- ([1.8], 3.5455, 3.9416) -- ([1.9], 3.3534, 3.9416) -- ([2.0], 3.1677, 3.9416) -- ([2.1], 2.9903, 3.9416) -- ([2.2], 2.8229, 3.9416) -- ([2.3], 2.6674, 3.9416) -- ([2.4], 2.5252, 3.9416) -- ([2.5], 2.3977, 3.9416) -- ([2.6], 2.2862, 3.9416) -- ([2.7], 2.1918, 3.9416) -- ([2.8], 2.1155, 3.9416) -- ([2.9], 2.058, 3.9416) -- ([3.0], 2.02, 3.9416) -- ([3.1], 2.0017, 2.9903) -- ([3.2], 2.0034, 2.418) -- ([3.3], 2.025, 2.418) -- ([3.4], 2.0664, 2.418) -- ([3.5], 2.127, 5.4173) -- ([3.6], 2.2064, 5.4173) -- ([3.7], 2.3037, 5.4173) -- ([3.8], 2.418, 5.4173) -- ([3.9], 2.5481, 5.4173) -- ([4.0], 2.6927, 5.4173) -- ([4.1], 2.8503, 5.4173) -- ([4.2], 3.0194, 5.4173) -- ([4.3], 3.1984, 5.4173) -- ([4.4], 3.3853, 5.4173) -- ([4.5], 3.5784, 5.4173) -- ([4.6], 3.7756, 5.4173) -- ([4.7], 3.9752, 5.4173) -- ([4.8], 4.1749, 5.4173) -- ([4.9], 4.373, 5.4173) -- ([5.0], 4.5673, 5.4173) -- ([5.1], 4.7559, 3.9079) -- ([5.2], 4.937, 3.9079) -- ([5.3], 5.1087, 2.3218) -- ([5.4], 5.2693, 2.3218) -- ([5.5], 5.4173, 2.3218) -- ([5.6], 5.5511, 2.3218) -- ([5.7], 5.6694, 2.3218) -- ([5.8], 5.771, 2.3218) -- ([5.9], 5.8549, 2.3218) -- ([6.0], 5.9203, 2.3218) -- ([6.1], 5.9665, 2.3218) -- ([6.2], 5.993, 2.3218) -- ([6.3], 5.9997, 2.3218) -- ([6.4], 5.9863, 2.3218) -- ([6.5], 5.9531, 2.3218) -- ([6.6], 5.9004, 2.3218) -- ([6.7], 5.8287, 2.3218) -- ([6.8], 5.7387, 2.3218) -- ([6.9], 5.6314, 2.3218) -- ([7.0], 5.5078, 2.3218) -- ([7.1], 5.369, 2.3218) -- ([7.2], 5.2167, 2.3218) -- ([7.3], 5.0521, 2.3218) -- ([7.4], 4.877, 2.3218) -- ([7.5], 4.6932, 2.3218) -- ([7.6], 4.5025, 2.3218) -- ([7.7], 4.3067, 2.3218) -- ([7.8], 4.1079, 2.3218) -- ([7.9], 3.9079, 2.3218) -- ([8.0], 3.7089, 2.3218) -- ([8.1], 3.5129, 2.3218) -- ([8.2], 3.3216, 2.3218) -- ([8.3], 3.1372, 2.3218) -- ([8.4], 2.9614, 2.3218) -- ([8.5], 2.7959, 2.3218) -- ([8.6], 2.6425, 2.3218) -- ([8.7], 2.5027, 2.3218) -- ([8.8], 2.3778, 2.3218) -- ([8.9], 2.2691, 2.3218) -- ([9.0], 2.1777, 2.3218) -- ([9.1], 2.1045, 2.3218) -- ([9.2], 2.0503, 2.3218) -- ([9.3], 2.0155, 2.3218) -- ([9.4], 2.0006, 2.3218) -- ([9.5], 2.0056, 2.3218) -- ([9.6], 2.0306, 2.3218) -- ([9.7], 2.0752, 2.3218) -- ([9.8], 2.1391, 2.3218) -- ([9.9], 2.2216, 2.3218) -- ([10.0], 2.3218, 2.3218) -- 
 Accuracy : 58.7364611317

([0.0], 6.0, 6.0) -- ([0.1], 5.99, 6.0) -- ([0.2], 5.9601, 6.0) -- ([0.3], 5.9106, 6.0) -- ([0.4], 5.8421, 6.0) -- ([0.5], 5.7551, 6.0) -- ([0.6], 5.6506, 6.0) -- ([0.7], 5.5296, 6.0) -- ([0.8], 5.3934, 5.99) -- ([0.9], 5.2432, 5.99) -- ([1.0], 5.0806, 5.99) -- ([1.1], 4.9071, 5.99) -- ([1.2], 4.7247, 5.99) -- ([1.3], 4.5349, 5.99) -- ([1.4], 4.3399, 5.99) -- ([1.5], 4.1414, 5.99) -- ([1.6], 3.9416, 5.99) -- ([1.7], 3.7423, 5.99) -- ([1.8], 3.5455, 5.99) -- ([1.9], 3.3534, 5.99) -- ([2.0], 3.1677, 5.99) -- ([2.1], 2.9903, 5.99) -- ([2.2], 2.8229, 5.99) -- ([2.3], 2.6674, 5.99) -- ([2.4], 2.5252, 5.99) -- ([2.5], 2.3977, 2.1918) -- ([2.6], 2.2862, 2.1918) -- ([2.7], 2.1918, 2.1918) -- ([2.8], 2.1155, 2.1918) -- ([2.9], 2.058, 2.1918) -- ([3.0], 2.02, 2.1918) -- ([3.1], 2.0017, 2.1918) -- ([3.2], 2.0034, 2.1918) -- ([3.3], 2.025, 2.1918) -- ([3.4], 2.0664, 2.1918) -- ([3.5], 2.127, 2.1918) -- ([3.6], 2.2064, 2.1918) -- ([3.7], 2.3037, 2.1918) -- ([3.8], 2.418, 2.1918) -- ([3.9], 2.5481, 2.1918) -- ([4.0], 2.6927, 5.9665) -- ([4.1], 2.8503, 5.9665) -- ([4.2], 3.0194, 5.9665) -- ([4.3], 3.1984, 5.9665) -- ([4.4], 3.3853, 5.9665) -- ([4.5], 3.5784, 5.9665) -- ([4.6], 3.7756, 5.9665) -- ([4.7], 3.9752, 5.9665) -- ([4.8], 4.1749, 5.9665) -- ([4.9], 4.373, 5.9665) -- ([5.0], 4.5673, 5.9665) -- ([5.1], 4.7559, 5.9665) -- ([5.2], 4.937, 5.9665) -- ([5.3], 5.1087, 5.9665) -- ([5.4], 5.2693, 2.3218) -- ([5.5], 5.4173, 2.3218) -- ([5.6], 5.5511, 2.3218) -- ([5.7], 5.6694, 2.3218) -- ([5.8], 5.771, 2.3218) -- ([5.9], 5.8549, 2.3218) -- ([6.0], 5.9203, 2.3218) -- ([6.1], 5.9665, 2.3218) -- ([6.2], 5.993, 2.3218) -- ([6.3], 5.9997, 2.3218) -- ([6.4], 5.9863, 2.3218) -- ([6.5], 5.9531, 2.3218) -- ([6.6], 5.9004, 2.3218) -- ([6.7], 5.8287, 2.3218) -- ([6.8], 5.7387, 2.3218) -- ([6.9], 5.6314, 2.3218) -- ([7.0], 5.5078, 2.3218) -- ([7.1], 5.369, 2.3218) -- ([7.2], 5.2167, 2.3218) -- ([7.3], 5.0521, 2.3218) -- ([7.4], 4.877, 2.3218) -- ([7.5], 4.6932, 2.3218) -- ([7.6], 4.5025, 2.3218) -- ([7.7], 4.3067, 2.3218) -- ([7.8], 4.1079, 2.3218) -- ([7.9], 3.9079, 2.3218) -- ([8.0], 3.7089, 2.3218) -- ([8.1], 3.5129, 2.3218) -- ([8.2], 3.3216, 2.3218) -- ([8.3], 3.1372, 2.3218) -- ([8.4], 2.9614, 2.3218) -- ([8.5], 2.7959, 2.3218) -- ([8.6], 2.6425, 2.3218) -- ([8.7], 2.5027, 2.3218) -- ([8.8], 2.3778, 2.3218) -- ([8.9], 2.2691, 2.3218) -- ([9.0], 2.1777, 2.3218) -- ([9.1], 2.1045, 2.3218) -- ([9.2], 2.0503, 2.3218) -- ([9.3], 2.0155, 2.3218) -- ([9.4], 2.0006, 2.3218) -- ([9.5], 2.0056, 2.3218) -- ([9.6], 2.0306, 2.3218) -- ([9.7], 2.0752, 2.3218) -- ([9.8], 2.1391, 2.3218) -- ([9.9], 2.2216, 2.3218) -- ([10.0], 2.3218, 2.3218) -- 
 Accuracy : 62.7944128144

