Parameters : 
(20,) -- tanh -- adaptive -- 0.2 -- 500 -- 
 
Avg accuracy : 92.880278212
([0.0], 6.0, 5.99) -- ([0.1], 5.99, 5.99) -- ([0.2], 5.9601, 5.9601) -- ([0.3], 5.9106, 5.9106) -- ([0.4], 5.8421, 5.8421) -- ([0.5], 5.7551, 5.7551) -- ([0.6], 5.6506, 5.7551) -- ([0.7], 5.5296, 5.5296) -- ([0.8], 5.3934, 5.0806) -- ([0.9], 5.2432, 5.0806) -- ([1.0], 5.0806, 5.0806) -- ([1.1], 4.9071, 5.0806) -- ([1.2], 4.7247, 5.0806) -- ([1.3], 4.5349, 4.5349) -- ([1.4], 4.3399, 3.1677) -- ([1.5], 4.1414, 3.1677) -- ([1.6], 3.9416, 3.1677) -- ([1.7], 3.7423, 3.1677) -- ([1.8], 3.5455, 3.1677) -- ([1.9], 3.3534, 3.1677) -- ([2.0], 3.1677, 3.1677) -- ([2.1], 2.9903, 2.9903) -- ([2.2], 2.8229, 2.6674) -- ([2.3], 2.6674, 2.6674) -- ([2.4], 2.5252, 2.5252) -- ([2.5], 2.3977, 2.3977) -- ([2.6], 2.2862, 2.3977) -- ([2.7], 2.1918, 2.1918) -- ([2.8], 2.1155, 2.3037) -- ([2.9], 2.058, 2.3037) -- ([3.0], 2.02, 2.3037) -- ([3.1], 2.0017, 2.3037) -- ([3.2], 2.0034, 2.3037) -- ([3.3], 2.025, 2.3037) -- ([3.4], 2.0664, 2.3037) -- ([3.5], 2.127, 2.3037) -- ([3.6], 2.2064, 2.3037) -- ([3.7], 2.3037, 2.3037) -- ([3.8], 2.418, 2.3037) -- ([3.9], 2.5481, 2.5481) -- ([4.0], 2.6927, 3.7756) -- ([4.1], 2.8503, 3.7756) -- ([4.2], 3.0194, 3.7756) -- ([4.3], 3.1984, 3.0194) -- ([4.4], 3.3853, 3.0194) -- ([4.5], 3.5784, 3.0194) -- ([4.6], 3.7756, 2.6927) -- ([4.7], 3.9752, 2.6927) -- ([4.8], 4.1749, 4.1749) -- ([4.9], 4.373, 4.373) -- ([5.0], 4.5673, 4.5673) -- ([5.1], 4.7559, 4.7559) -- ([5.2], 4.937, 4.937) -- ([5.3], 5.1087, 5.1087) -- ([5.4], 5.2693, 5.2693) -- ([5.5], 5.4173, 5.4173) -- ([5.6], 5.5511, 5.5511) -- ([5.7], 5.6694, 5.6694) -- ([5.8], 5.771, 5.771) -- ([5.9], 5.8549, 5.8549) -- ([6.0], 5.9203, 5.9203) -- ([6.1], 5.9665, 5.9665) -- ([6.2], 5.993, 5.9997) -- ([6.3], 5.9997, 5.9997) -- ([6.4], 5.9863, 5.9997) -- ([6.5], 5.9531, 5.9531) -- ([6.6], 5.9004, 5.6314) -- ([6.7], 5.8287, 5.6314) -- ([6.8], 5.7387, 5.6314) -- ([6.9], 5.6314, 5.6314) -- ([7.0], 5.5078, 5.6314) -- ([7.1], 5.369, 5.6314) -- ([7.2], 5.2167, 5.6314) -- ([7.3], 5.0521, 5.6314) -- ([7.4], 4.877, 5.6314) -- ([7.5], 4.6932, 5.6314) -- ([7.6], 4.5025, 5.6314) -- ([7.7], 4.3067, 4.3067) -- ([7.8], 4.1079, 4.1079) -- ([7.9], 3.9079, 3.9079) -- ([8.0], 3.7089, 2.3778) -- ([8.1], 3.5129, 2.3778) -- ([8.2], 3.3216, 2.3778) -- ([8.3], 3.1372, 2.3778) -- ([8.4], 2.9614, 2.3778) -- ([8.5], 2.7959, 2.3778) -- ([8.6], 2.6425, 2.3778) -- ([8.7], 2.5027, 2.3778) -- ([8.8], 2.3778, 2.3778) -- ([8.9], 2.2691, 2.3778) -- ([9.0], 2.1777, 2.1777) -- ([9.1], 2.1045, 2.1045) -- ([9.2], 2.0503, 2.0503) -- ([9.3], 2.0155, 2.3218) -- ([9.4], 2.0006, 2.3218) -- ([9.5], 2.0056, 2.3218) -- ([9.6], 2.0306, 2.3218) -- ([9.7], 2.0752, 2.3218) -- ([9.8], 2.1391, 2.3218) -- ([9.9], 2.2216, 2.3218) -- ([10.0], 2.3218, 2.3218) -- 
 Accuracy : 92.1661486644

([0.0], 6.0, 6.0) -- ([0.1], 5.99, 5.99) -- ([0.2], 5.9601, 5.9601) -- ([0.3], 5.9106, 5.9601) -- ([0.4], 5.8421, 5.8421) -- ([0.5], 5.7551, 5.5296) -- ([0.6], 5.6506, 5.5296) -- ([0.7], 5.5296, 5.5296) -- ([0.8], 5.3934, 5.5296) -- ([0.9], 5.2432, 5.2432) -- ([1.0], 5.0806, 4.1414) -- ([1.1], 4.9071, 4.1414) -- ([1.2], 4.7247, 4.1414) -- ([1.3], 4.5349, 4.1414) -- ([1.4], 4.3399, 4.1414) -- ([1.5], 4.1414, 4.1414) -- ([1.6], 3.9416, 3.9416) -- ([1.7], 3.7423, 3.7423) -- ([1.8], 3.5455, 3.7423) -- ([1.9], 3.3534, 3.3534) -- ([2.0], 3.1677, 3.1677) -- ([2.1], 2.9903, 2.9903) -- ([2.2], 2.8229, 2.9903) -- ([2.3], 2.6674, 2.9903) -- ([2.4], 2.5252, 2.5252) -- ([2.5], 2.3977, 2.3977) -- ([2.6], 2.2862, 2.3977) -- ([2.7], 2.1918, 2.3977) -- ([2.8], 2.1155, 2.3977) -- ([2.9], 2.058, 2.3977) -- ([3.0], 2.02, 2.1918) -- ([3.1], 2.0017, 2.1918) -- ([3.2], 2.0034, 2.025) -- ([3.3], 2.025, 2.025) -- ([3.4], 2.0664, 2.0664) -- ([3.5], 2.127, 2.127) -- ([3.6], 2.2064, 2.2064) -- ([3.7], 2.3037, 2.3037) -- ([3.8], 2.418, 2.418) -- ([3.9], 2.5481, 2.5481) -- ([4.0], 2.6927, 2.6927) -- ([4.1], 2.8503, 2.8503) -- ([4.2], 3.0194, 3.0194) -- ([4.3], 3.1984, 3.1984) -- ([4.4], 3.3853, 3.3853) -- ([4.5], 3.5784, 4.7559) -- ([4.6], 3.7756, 4.7559) -- ([4.7], 3.9752, 4.7559) -- ([4.8], 4.1749, 4.1749) -- ([4.9], 4.373, 4.1749) -- ([5.0], 4.5673, 5.4173) -- ([5.1], 4.7559, 4.5673) -- ([5.2], 4.937, 4.5673) -- ([5.3], 5.1087, 4.5673) -- ([5.4], 5.2693, 4.5673) -- ([5.5], 5.4173, 4.5673) -- ([5.6], 5.5511, 4.5673) -- ([5.7], 5.6694, 4.5673) -- ([5.8], 5.771, 5.1087) -- ([5.9], 5.8549, 5.8549) -- ([6.0], 5.9203, 5.6314) -- ([6.1], 5.9665, 5.6314) -- ([6.2], 5.993, 5.6314) -- ([6.3], 5.9997, 5.6314) -- ([6.4], 5.9863, 5.6314) -- ([6.5], 5.9531, 5.6314) -- ([6.6], 5.9004, 5.6314) -- ([6.7], 5.8287, 5.6314) -- ([6.8], 5.7387, 5.6314) -- ([6.9], 5.6314, 5.6314) -- ([7.0], 5.5078, 5.6314) -- ([7.1], 5.369, 5.369) -- ([7.2], 5.2167, 4.6932) -- ([7.3], 5.0521, 4.6932) -- ([7.4], 4.877, 4.6932) -- ([7.5], 4.6932, 4.6932) -- ([7.6], 4.5025, 4.6932) -- ([7.7], 4.3067, 4.6932) -- ([7.8], 4.1079, 4.6932) -- ([7.9], 3.9079, 4.6932) -- ([8.0], 3.7089, 3.9079) -- ([8.1], 3.5129, 3.5129) -- ([8.2], 3.3216, 3.3216) -- ([8.3], 3.1372, 3.1372) -- ([8.4], 2.9614, 2.0503) -- ([8.5], 2.7959, 2.3218) -- ([8.6], 2.6425, 2.3218) -- ([8.7], 2.5027, 2.3218) -- ([8.8], 2.3778, 2.3218) -- ([8.9], 2.2691, 2.3218) -- ([9.0], 2.1777, 2.3218) -- ([9.1], 2.1045, 2.3218) -- ([9.2], 2.0503, 2.3218) -- ([9.3], 2.0155, 2.3218) -- ([9.4], 2.0006, 2.3218) -- ([9.5], 2.0056, 2.3218) -- ([9.6], 2.0306, 2.3218) -- ([9.7], 2.0752, 2.3218) -- ([9.8], 2.1391, 2.3218) -- ([9.9], 2.2216, 2.3218) -- ([10.0], 2.3218, 2.3218) -- 
 Accuracy : 93.4121484387

([0.0], 6.0, 5.99) -- ([0.1], 5.99, 5.99) -- ([0.2], 5.9601, 5.99) -- ([0.3], 5.9106, 5.9106) -- ([0.4], 5.8421, 5.8421) -- ([0.5], 5.7551, 5.7551) -- ([0.6], 5.6506, 5.5296) -- ([0.7], 5.5296, 5.5296) -- ([0.8], 5.3934, 5.3934) -- ([0.9], 5.2432, 5.0806) -- ([1.0], 5.0806, 5.0806) -- ([1.1], 4.9071, 5.0806) -- ([1.2], 4.7247, 5.0806) -- ([1.3], 4.5349, 4.5349) -- ([1.4], 4.3399, 4.3399) -- ([1.5], 4.1414, 4.1414) -- ([1.6], 3.9416, 4.1414) -- ([1.7], 3.7423, 4.1414) -- ([1.8], 3.5455, 3.5455) -- ([1.9], 3.3534, 3.1677) -- ([2.0], 3.1677, 3.1677) -- ([2.1], 2.9903, 3.1677) -- ([2.2], 2.8229, 2.9903) -- ([2.3], 2.6674, 2.9903) -- ([2.4], 2.5252, 2.9903) -- ([2.5], 2.3977, 2.3977) -- ([2.6], 2.2862, 2.02) -- ([2.7], 2.1918, 2.02) -- ([2.8], 2.1155, 2.025) -- ([2.9], 2.058, 2.025) -- ([3.0], 2.02, 2.025) -- ([3.1], 2.0017, 2.0034) -- ([3.2], 2.0034, 2.1918) -- ([3.3], 2.025, 2.1918) -- ([3.4], 2.0664, 2.1918) -- ([3.5], 2.127, 2.127) -- ([3.6], 2.2064, 2.418) -- ([3.7], 2.3037, 2.6927) -- ([3.8], 2.418, 2.6927) -- ([3.9], 2.5481, 2.5481) -- ([4.0], 2.6927, 3.0194) -- ([4.1], 2.8503, 2.3037) -- ([4.2], 3.0194, 2.3037) -- ([4.3], 3.1984, 3.1984) -- ([4.4], 3.3853, 3.9752) -- ([4.5], 3.5784, 3.9752) -- ([4.6], 3.7756, 3.7756) -- ([4.7], 3.9752, 3.5784) -- ([4.8], 4.1749, 4.1749) -- ([4.9], 4.373, 4.373) -- ([5.0], 4.5673, 4.5673) -- ([5.1], 4.7559, 4.7559) -- ([5.2], 4.937, 5.5511) -- ([5.3], 5.1087, 5.5511) -- ([5.4], 5.2693, 5.5511) -- ([5.5], 5.4173, 5.4173) -- ([5.6], 5.5511, 5.6694) -- ([5.7], 5.6694, 5.6694) -- ([5.8], 5.771, 5.771) -- ([5.9], 5.8549, 5.8549) -- ([6.0], 5.9203, 5.8549) -- ([6.1], 5.9665, 5.9665) -- ([6.2], 5.993, 5.9665) -- ([6.3], 5.9997, 5.7387) -- ([6.4], 5.9863, 5.7387) -- ([6.5], 5.9531, 5.8287) -- ([6.6], 5.9004, 5.6314) -- ([6.7], 5.8287, 5.6314) -- ([6.8], 5.7387, 5.6314) -- ([6.9], 5.6314, 5.9997) -- ([7.0], 5.5078, 5.5078) -- ([7.1], 5.369, 5.0521) -- ([7.2], 5.2167, 5.0521) -- ([7.3], 5.0521, 5.0521) -- ([7.4], 4.877, 4.6932) -- ([7.5], 4.6932, 4.6932) -- ([7.6], 4.5025, 4.6932) -- ([7.7], 4.3067, 3.9079) -- ([7.8], 4.1079, 4.1079) -- ([7.9], 3.9079, 4.1079) -- ([8.0], 3.7089, 3.7089) -- ([8.1], 3.5129, 3.5129) -- ([8.2], 3.3216, 3.1372) -- ([8.3], 3.1372, 3.1372) -- ([8.4], 2.9614, 3.1372) -- ([8.5], 2.7959, 3.1372) -- ([8.6], 2.6425, 3.1372) -- ([8.7], 2.5027, 2.3218) -- ([8.8], 2.3778, 2.3218) -- ([8.9], 2.2691, 2.3218) -- ([9.0], 2.1777, 2.3218) -- ([9.1], 2.1045, 2.3218) -- ([9.2], 2.0503, 2.0503) -- ([9.3], 2.0155, 2.0503) -- ([9.4], 2.0006, 2.0503) -- ([9.5], 2.0056, 2.0503) -- ([9.6], 2.0306, 2.0503) -- ([9.7], 2.0752, 2.0503) -- ([9.8], 2.1391, 2.0006) -- ([9.9], 2.2216, 2.0006) -- ([10.0], 2.3218, 2.0006) -- 
 Accuracy : 95.445417607

([0.0], 6.0, 6.0) -- ([0.1], 5.99, 5.99) -- ([0.2], 5.9601, 5.9601) -- ([0.3], 5.9106, 5.9106) -- ([0.4], 5.8421, 5.8421) -- ([0.5], 5.7551, 5.7551) -- ([0.6], 5.6506, 5.6506) -- ([0.7], 5.5296, 5.5296) -- ([0.8], 5.3934, 5.3934) -- ([0.9], 5.2432, 4.1414) -- ([1.0], 5.0806, 4.1414) -- ([1.1], 4.9071, 4.1414) -- ([1.2], 4.7247, 4.1414) -- ([1.3], 4.5349, 4.1414) -- ([1.4], 4.3399, 4.1414) -- ([1.5], 4.1414, 4.1414) -- ([1.6], 3.9416, 4.1414) -- ([1.7], 3.7423, 4.1414) -- ([1.8], 3.5455, 3.5455) -- ([1.9], 3.3534, 3.3534) -- ([2.0], 3.1677, 3.1677) -- ([2.1], 2.9903, 2.9903) -- ([2.2], 2.8229, 2.8229) -- ([2.3], 2.6674, 2.6674) -- ([2.4], 2.5252, 2.3977) -- ([2.5], 2.3977, 2.3977) -- ([2.6], 2.2862, 2.3977) -- ([2.7], 2.1918, 2.1918) -- ([2.8], 2.1155, 2.3037) -- ([2.9], 2.058, 2.3037) -- ([3.0], 2.02, 2.3037) -- ([3.1], 2.0017, 2.3037) -- ([3.2], 2.0034, 2.3037) -- ([3.3], 2.025, 2.3037) -- ([3.4], 2.0664, 2.3037) -- ([3.5], 2.127, 2.3037) -- ([3.6], 2.2064, 2.3037) -- ([3.7], 2.3037, 2.3037) -- ([3.8], 2.418, 2.3037) -- ([3.9], 2.5481, 2.3037) -- ([4.0], 2.6927, 2.6927) -- ([4.1], 2.8503, 3.0194) -- ([4.2], 3.0194, 3.0194) -- ([4.3], 3.1984, 3.0194) -- ([4.4], 3.3853, 3.0194) -- ([4.5], 3.5784, 3.0194) -- ([4.6], 3.7756, 3.0194) -- ([4.7], 3.9752, 3.0194) -- ([4.8], 4.1749, 4.1749) -- ([4.9], 4.373, 5.4173) -- ([5.0], 4.5673, 5.4173) -- ([5.1], 4.7559, 5.4173) -- ([5.2], 4.937, 5.4173) -- ([5.3], 5.1087, 5.4173) -- ([5.4], 5.2693, 5.4173) -- ([5.5], 5.4173, 5.4173) -- ([5.6], 5.5511, 5.4173) -- ([5.7], 5.6694, 4.5673) -- ([5.8], 5.771, 5.771) -- ([5.9], 5.8549, 5.8549) -- ([6.0], 5.9203, 5.9531) -- ([6.1], 5.9665, 5.9531) -- ([6.2], 5.993, 5.9531) -- ([6.3], 5.9997, 5.9531) -- ([6.4], 5.9863, 5.9531) -- ([6.5], 5.9531, 5.9531) -- ([6.6], 5.9004, 5.9531) -- ([6.7], 5.8287, 5.9531) -- ([6.8], 5.7387, 5.7387) -- ([6.9], 5.6314, 5.6314) -- ([7.0], 5.5078, 4.6932) -- ([7.1], 5.369, 4.6932) -- ([7.2], 5.2167, 4.6932) -- ([7.3], 5.0521, 4.6932) -- ([7.4], 4.877, 4.6932) -- ([7.5], 4.6932, 4.6932) -- ([7.6], 4.5025, 4.6932) -- ([7.7], 4.3067, 4.6932) -- ([7.8], 4.1079, 4.1079) -- ([7.9], 3.9079, 3.9079) -- ([8.0], 3.7089, 2.0503) -- ([8.1], 3.5129, 2.2216) -- ([8.2], 3.3216, 2.2216) -- ([8.3], 3.1372, 2.2216) -- ([8.4], 2.9614, 2.2216) -- ([8.5], 2.7959, 2.2216) -- ([8.6], 2.6425, 2.2216) -- ([8.7], 2.5027, 2.2216) -- ([8.8], 2.3778, 2.2216) -- ([8.9], 2.2691, 2.2216) -- ([9.0], 2.1777, 2.2216) -- ([9.1], 2.1045, 2.2216) -- ([9.2], 2.0503, 2.2216) -- ([9.3], 2.0155, 2.2216) -- ([9.4], 2.0006, 2.2216) -- ([9.5], 2.0056, 2.2216) -- ([9.6], 2.0306, 2.2216) -- ([9.7], 2.0752, 2.2216) -- ([9.8], 2.1391, 2.2216) -- ([9.9], 2.2216, 2.2216) -- ([10.0], 2.3218, 2.2216) -- 
 Accuracy : 92.4010897113

([0.0], 6.0, 5.99) -- ([0.1], 5.99, 5.99) -- ([0.2], 5.9601, 5.9601) -- ([0.3], 5.9106, 5.9106) -- ([0.4], 5.8421, 5.8421) -- ([0.5], 5.7551, 5.8421) -- ([0.6], 5.6506, 5.6506) -- ([0.7], 5.5296, 5.5296) -- ([0.8], 5.3934, 5.3934) -- ([0.9], 5.2432, 5.2432) -- ([1.0], 5.0806, 5.0806) -- ([1.1], 4.9071, 5.0806) -- ([1.2], 4.7247, 4.7247) -- ([1.3], 4.5349, 3.1677) -- ([1.4], 4.3399, 3.1677) -- ([1.5], 4.1414, 3.1677) -- ([1.6], 3.9416, 3.1677) -- ([1.7], 3.7423, 3.1677) -- ([1.8], 3.5455, 3.1677) -- ([1.9], 3.3534, 3.1677) -- ([2.0], 3.1677, 3.1677) -- ([2.1], 2.9903, 3.1677) -- ([2.2], 2.8229, 3.1677) -- ([2.3], 2.6674, 2.6674) -- ([2.4], 2.5252, 2.3977) -- ([2.5], 2.3977, 2.3977) -- ([2.6], 2.2862, 2.3977) -- ([2.7], 2.1918, 2.3977) -- ([2.8], 2.1155, 2.1155) -- ([2.9], 2.058, 2.058) -- ([3.0], 2.02, 2.02) -- ([3.1], 2.0017, 2.0034) -- ([3.2], 2.0034, 2.0034) -- ([3.3], 2.025, 2.0034) -- ([3.4], 2.0664, 2.0034) -- ([3.5], 2.127, 2.0034) -- ([3.6], 2.2064, 2.0034) -- ([3.7], 2.3037, 2.0034) -- ([3.8], 2.418, 2.3037) -- ([3.9], 2.5481, 2.5481) -- ([4.0], 2.6927, 3.0194) -- ([4.1], 2.8503, 3.0194) -- ([4.2], 3.0194, 3.0194) -- ([4.3], 3.1984, 3.0194) -- ([4.4], 3.3853, 3.0194) -- ([4.5], 3.5784, 3.5784) -- ([4.6], 3.7756, 4.5673) -- ([4.7], 3.9752, 4.5673) -- ([4.8], 4.1749, 4.5673) -- ([4.9], 4.373, 4.5673) -- ([5.0], 4.5673, 4.5673) -- ([5.1], 4.7559, 4.5673) -- ([5.2], 4.937, 4.5673) -- ([5.3], 5.1087, 4.5673) -- ([5.4], 5.2693, 4.5673) -- ([5.5], 5.4173, 4.5673) -- ([5.6], 5.5511, 4.5673) -- ([5.7], 5.6694, 5.4173) -- ([5.8], 5.771, 5.771) -- ([5.9], 5.8549, 5.8549) -- ([6.0], 5.9203, 5.6314) -- ([6.1], 5.9665, 5.6314) -- ([6.2], 5.993, 5.6314) -- ([6.3], 5.9997, 5.6314) -- ([6.4], 5.9863, 5.6314) -- ([6.5], 5.9531, 5.6314) -- ([6.6], 5.9004, 5.6314) -- ([6.7], 5.8287, 5.6314) -- ([6.8], 5.7387, 5.6314) -- ([6.9], 5.6314, 5.6314) -- ([7.0], 5.5078, 5.6314) -- ([7.1], 5.369, 5.6314) -- ([7.2], 5.2167, 5.6314) -- ([7.3], 5.0521, 5.8287) -- ([7.4], 4.877, 5.5078) -- ([7.5], 4.6932, 4.6932) -- ([7.6], 4.5025, 4.5025) -- ([7.7], 4.3067, 3.9079) -- ([7.8], 4.1079, 4.1079) -- ([7.9], 3.9079, 3.5129) -- ([8.0], 3.7089, 3.5129) -- ([8.1], 3.5129, 3.5129) -- ([8.2], 3.3216, 3.5129) -- ([8.3], 3.1372, 3.5129) -- ([8.4], 2.9614, 3.5129) -- ([8.5], 2.7959, 3.5129) -- ([8.6], 2.6425, 3.5129) -- ([8.7], 2.5027, 3.5129) -- ([8.8], 2.3778, 3.5129) -- ([8.9], 2.2691, 3.5129) -- ([9.0], 2.1777, 3.5129) -- ([9.1], 2.1045, 3.5129) -- ([9.2], 2.0503, 3.5129) -- ([9.3], 2.0155, 3.5129) -- ([9.4], 2.0006, 2.0503) -- ([9.5], 2.0056, 2.0503) -- ([9.6], 2.0306, 3.9079) -- ([9.7], 2.0752, 2.0752) -- ([9.8], 2.1391, 2.1391) -- ([9.9], 2.2216, 2.2216) -- ([10.0], 2.3218, 2.3218) -- 
 Accuracy : 89.2113054851

([0.0], 6.0, 6.0) -- ([0.1], 5.99, 5.99) -- ([0.2], 5.9601, 5.7551) -- ([0.3], 5.9106, 5.6506) -- ([0.4], 5.8421, 5.6506) -- ([0.5], 5.7551, 5.6506) -- ([0.6], 5.6506, 5.6506) -- ([0.7], 5.5296, 5.5296) -- ([0.8], 5.3934, 5.0806) -- ([0.9], 5.2432, 5.0806) -- ([1.0], 5.0806, 5.0806) -- ([1.1], 4.9071, 4.9071) -- ([1.2], 4.7247, 4.7247) -- ([1.3], 4.5349, 4.5349) -- ([1.4], 4.3399, 4.3399) -- ([1.5], 4.1414, 4.1414) -- ([1.6], 3.9416, 3.9416) -- ([1.7], 3.7423, 3.7423) -- ([1.8], 3.5455, 3.5455) -- ([1.9], 3.3534, 3.3534) -- ([2.0], 3.1677, 3.1677) -- ([2.1], 2.9903, 2.9903) -- ([2.2], 2.8229, 2.8229) -- ([2.3], 2.6674, 2.3977) -- ([2.4], 2.5252, 2.3977) -- ([2.5], 2.3977, 2.3977) -- ([2.6], 2.2862, 2.3977) -- ([2.7], 2.1918, 2.3977) -- ([2.8], 2.1155, 2.1918) -- ([2.9], 2.058, 2.058) -- ([3.0], 2.02, 2.025) -- ([3.1], 2.0017, 2.025) -- ([3.2], 2.0034, 2.025) -- ([3.3], 2.025, 2.0034) -- ([3.4], 2.0664, 2.0664) -- ([3.5], 2.127, 2.127) -- ([3.6], 2.2064, 2.2064) -- ([3.7], 2.3037, 2.3037) -- ([3.8], 2.418, 2.418) -- ([3.9], 2.5481, 2.5481) -- ([4.0], 2.6927, 3.0194) -- ([4.1], 2.8503, 3.0194) -- ([4.2], 3.0194, 3.0194) -- ([4.3], 3.1984, 3.0194) -- ([4.4], 3.3853, 3.3853) -- ([4.5], 3.5784, 4.5673) -- ([4.6], 3.7756, 5.4173) -- ([4.7], 3.9752, 5.4173) -- ([4.8], 4.1749, 5.4173) -- ([4.9], 4.373, 5.4173) -- ([5.0], 4.5673, 5.4173) -- ([5.1], 4.7559, 5.4173) -- ([5.2], 4.937, 5.4173) -- ([5.3], 5.1087, 5.4173) -- ([5.4], 5.2693, 5.4173) -- ([5.5], 5.4173, 5.4173) -- ([5.6], 5.5511, 5.4173) -- ([5.7], 5.6694, 5.4173) -- ([5.8], 5.771, 4.1749) -- ([5.9], 5.8549, 5.8549) -- ([6.0], 5.9203, 5.6314) -- ([6.1], 5.9665, 5.6314) -- ([6.2], 5.993, 5.6314) -- ([6.3], 5.9997, 5.6314) -- ([6.4], 5.9863, 5.6314) -- ([6.5], 5.9531, 5.6314) -- ([6.6], 5.9004, 5.6314) -- ([6.7], 5.8287, 5.6314) -- ([6.8], 5.7387, 5.6314) -- ([6.9], 5.6314, 5.6314) -- ([7.0], 5.5078, 5.6314) -- ([7.1], 5.369, 5.6314) -- ([7.2], 5.2167, 5.6314) -- ([7.3], 5.0521, 5.6314) -- ([7.4], 4.877, 5.6314) -- ([7.5], 4.6932, 5.6314) -- ([7.6], 4.5025, 5.6314) -- ([7.7], 4.3067, 5.6314) -- ([7.8], 4.1079, 4.1079) -- ([7.9], 3.9079, 3.9079) -- ([8.0], 3.7089, 3.7089) -- ([8.1], 3.5129, 3.5129) -- ([8.2], 3.3216, 2.3778) -- ([8.3], 3.1372, 2.2216) -- ([8.4], 2.9614, 2.2216) -- ([8.5], 2.7959, 2.2216) -- ([8.6], 2.6425, 2.2216) -- ([8.7], 2.5027, 2.2216) -- ([8.8], 2.3778, 2.2216) -- ([8.9], 2.2691, 2.2216) -- ([9.0], 2.1777, 2.2216) -- ([9.1], 2.1045, 2.2216) -- ([9.2], 2.0503, 2.2216) -- ([9.3], 2.0155, 2.2216) -- ([9.4], 2.0006, 2.2216) -- ([9.5], 2.0056, 2.2216) -- ([9.6], 2.0306, 2.2216) -- ([9.7], 2.0752, 2.2216) -- ([9.8], 2.1391, 2.2216) -- ([9.9], 2.2216, 2.2216) -- ([10.0], 2.3218, 2.2216) -- 
 Accuracy : 93.0500938346

([0.0], 6.0, 5.8421) -- ([0.1], 5.99, 5.8421) -- ([0.2], 5.9601, 5.8421) -- ([0.3], 5.9106, 5.8421) -- ([0.4], 5.8421, 5.8421) -- ([0.5], 5.7551, 5.7551) -- ([0.6], 5.6506, 5.6506) -- ([0.7], 5.5296, 5.5296) -- ([0.8], 5.3934, 5.5296) -- ([0.9], 5.2432, 5.5296) -- ([1.0], 5.0806, 5.0806) -- ([1.1], 4.9071, 4.1414) -- ([1.2], 4.7247, 4.1414) -- ([1.3], 4.5349, 4.1414) -- ([1.4], 4.3399, 4.1414) -- ([1.5], 4.1414, 4.3399) -- ([1.6], 3.9416, 4.3399) -- ([1.7], 3.7423, 3.9416) -- ([1.8], 3.5455, 3.9416) -- ([1.9], 3.3534, 3.3534) -- ([2.0], 3.1677, 3.1677) -- ([2.1], 2.9903, 3.1677) -- ([2.2], 2.8229, 3.1677) -- ([2.3], 2.6674, 2.6674) -- ([2.4], 2.5252, 2.3977) -- ([2.5], 2.3977, 2.3977) -- ([2.6], 2.2862, 2.3977) -- ([2.7], 2.1918, 2.3977) -- ([2.8], 2.1155, 2.1918) -- ([2.9], 2.058, 2.1918) -- ([3.0], 2.02, 2.1918) -- ([3.1], 2.0017, 2.0017) -- ([3.2], 2.0034, 2.0034) -- ([3.3], 2.025, 2.0664) -- ([3.4], 2.0664, 2.127) -- ([3.5], 2.127, 2.127) -- ([3.6], 2.2064, 2.6927) -- ([3.7], 2.3037, 2.6927) -- ([3.8], 2.418, 2.6927) -- ([3.9], 2.5481, 2.3037) -- ([4.0], 2.6927, 3.0194) -- ([4.1], 2.8503, 3.0194) -- ([4.2], 3.0194, 3.0194) -- ([4.3], 3.1984, 3.0194) -- ([4.4], 3.3853, 3.3853) -- ([4.5], 3.5784, 3.7756) -- ([4.6], 3.7756, 3.7756) -- ([4.7], 3.9752, 3.7756) -- ([4.8], 4.1749, 5.1087) -- ([4.9], 4.373, 5.1087) -- ([5.0], 4.5673, 5.1087) -- ([5.1], 4.7559, 5.4173) -- ([5.2], 4.937, 4.5673) -- ([5.3], 5.1087, 4.5673) -- ([5.4], 5.2693, 4.5673) -- ([5.5], 5.4173, 5.5511) -- ([5.6], 5.5511, 5.5511) -- ([5.7], 5.6694, 5.5511) -- ([5.8], 5.771, 5.771) -- ([5.9], 5.8549, 5.9004) -- ([6.0], 5.9203, 5.9004) -- ([6.1], 5.9665, 5.9004) -- ([6.2], 5.993, 5.9004) -- ([6.3], 5.9997, 5.9004) -- ([6.4], 5.9863, 5.9531) -- ([6.5], 5.9531, 5.9997) -- ([6.6], 5.9004, 5.9997) -- ([6.7], 5.8287, 5.9997) -- ([6.8], 5.7387, 5.9997) -- ([6.9], 5.6314, 5.9997) -- ([7.0], 5.5078, 5.0521) -- ([7.1], 5.369, 5.0521) -- ([7.2], 5.2167, 5.0521) -- ([7.3], 5.0521, 5.0521) -- ([7.4], 4.877, 4.877) -- ([7.5], 4.6932, 4.6932) -- ([7.6], 4.5025, 4.3067) -- ([7.7], 4.3067, 4.1079) -- ([7.8], 4.1079, 4.1079) -- ([7.9], 3.9079, 3.9079) -- ([8.0], 3.7089, 3.7089) -- ([8.1], 3.5129, 2.2691) -- ([8.2], 3.3216, 2.9614) -- ([8.3], 3.1372, 2.9614) -- ([8.4], 2.9614, 2.9614) -- ([8.5], 2.7959, 2.9614) -- ([8.6], 2.6425, 2.0503) -- ([8.7], 2.5027, 2.0503) -- ([8.8], 2.3778, 2.0503) -- ([8.9], 2.2691, 2.0503) -- ([9.0], 2.1777, 2.0503) -- ([9.1], 2.1045, 2.3218) -- ([9.2], 2.0503, 2.3218) -- ([9.3], 2.0155, 2.3218) -- ([9.4], 2.0006, 2.3218) -- ([9.5], 2.0056, 2.3218) -- ([9.6], 2.0306, 2.3218) -- ([9.7], 2.0752, 2.3218) -- ([9.8], 2.1391, 2.3218) -- ([9.9], 2.2216, 2.1045) -- ([10.0], 2.3218, 2.1045) -- 
 Accuracy : 93.6521090808

([0.0], 6.0, 6.0) -- ([0.1], 5.99, 5.99) -- ([0.2], 5.9601, 5.8421) -- ([0.3], 5.9106, 5.8421) -- ([0.4], 5.8421, 5.8421) -- ([0.5], 5.7551, 5.7551) -- ([0.6], 5.6506, 5.6506) -- ([0.7], 5.5296, 5.5296) -- ([0.8], 5.3934, 5.0806) -- ([0.9], 5.2432, 5.0806) -- ([1.0], 5.0806, 5.0806) -- ([1.1], 4.9071, 4.9071) -- ([1.2], 4.7247, 4.3399) -- ([1.3], 4.5349, 4.3399) -- ([1.4], 4.3399, 4.3399) -- ([1.5], 4.1414, 4.1414) -- ([1.6], 3.9416, 3.9416) -- ([1.7], 3.7423, 3.7423) -- ([1.8], 3.5455, 3.5455) -- ([1.9], 3.3534, 3.5455) -- ([2.0], 3.1677, 3.1677) -- ([2.1], 2.9903, 2.9903) -- ([2.2], 2.8229, 2.9903) -- ([2.3], 2.6674, 2.6674) -- ([2.4], 2.5252, 2.5252) -- ([2.5], 2.3977, 2.3977) -- ([2.6], 2.2862, 2.2862) -- ([2.7], 2.1918, 2.1918) -- ([2.8], 2.1155, 2.1155) -- ([2.9], 2.058, 2.058) -- ([3.0], 2.02, 2.0017) -- ([3.1], 2.0017, 2.0017) -- ([3.2], 2.0034, 2.0034) -- ([3.3], 2.025, 2.025) -- ([3.4], 2.0664, 2.025) -- ([3.5], 2.127, 2.127) -- ([3.6], 2.2064, 2.3037) -- ([3.7], 2.3037, 2.3037) -- ([3.8], 2.418, 2.3037) -- ([3.9], 2.5481, 2.3037) -- ([4.0], 2.6927, 2.3037) -- ([4.1], 2.8503, 2.8503) -- ([4.2], 3.0194, 3.0194) -- ([4.3], 3.1984, 3.0194) -- ([4.4], 3.3853, 3.0194) -- ([4.5], 3.5784, 3.0194) -- ([4.6], 3.7756, 3.0194) -- ([4.7], 3.9752, 3.0194) -- ([4.8], 4.1749, 4.1749) -- ([4.9], 4.373, 4.5673) -- ([5.0], 4.5673, 4.5673) -- ([5.1], 4.7559, 4.5673) -- ([5.2], 4.937, 4.5673) -- ([5.3], 5.1087, 4.5673) -- ([5.4], 5.2693, 4.5673) -- ([5.5], 5.4173, 5.4173) -- ([5.6], 5.5511, 5.8549) -- ([5.7], 5.6694, 5.771) -- ([5.8], 5.771, 5.771) -- ([5.9], 5.8549, 5.771) -- ([6.0], 5.9203, 5.771) -- ([6.1], 5.9665, 5.771) -- ([6.2], 5.993, 5.993) -- ([6.3], 5.9997, 5.6314) -- ([6.4], 5.9863, 5.6314) -- ([6.5], 5.9531, 5.6314) -- ([6.6], 5.9004, 5.6314) -- ([6.7], 5.8287, 5.6314) -- ([6.8], 5.7387, 5.6314) -- ([6.9], 5.6314, 5.6314) -- ([7.0], 5.5078, 5.9531) -- ([7.1], 5.369, 5.369) -- ([7.2], 5.2167, 4.6932) -- ([7.3], 5.0521, 4.6932) -- ([7.4], 4.877, 4.6932) -- ([7.5], 4.6932, 4.6932) -- ([7.6], 4.5025, 4.6932) -- ([7.7], 4.3067, 4.6932) -- ([7.8], 4.1079, 4.6932) -- ([7.9], 3.9079, 3.9079) -- ([8.0], 3.7089, 3.7089) -- ([8.1], 3.5129, 3.5129) -- ([8.2], 3.3216, 2.3778) -- ([8.3], 3.1372, 2.3778) -- ([8.4], 2.9614, 2.3778) -- ([8.5], 2.7959, 2.3778) -- ([8.6], 2.6425, 2.3778) -- ([8.7], 2.5027, 2.3778) -- ([8.8], 2.3778, 2.3778) -- ([8.9], 2.2691, 2.2691) -- ([9.0], 2.1777, 2.1777) -- ([9.1], 2.1045, 2.1045) -- ([9.2], 2.0503, 2.0503) -- ([9.3], 2.0155, 2.0155) -- ([9.4], 2.0006, 2.0006) -- ([9.5], 2.0056, 2.3218) -- ([9.6], 2.0306, 2.3218) -- ([9.7], 2.0752, 2.3218) -- ([9.8], 2.1391, 2.3218) -- ([9.9], 2.2216, 2.3218) -- ([10.0], 2.3218, 2.3218) -- 
 Accuracy : 95.6068824651

([0.0], 6.0, 5.99) -- ([0.1], 5.99, 5.99) -- ([0.2], 5.9601, 5.9601) -- ([0.3], 5.9106, 5.8421) -- ([0.4], 5.8421, 5.8421) -- ([0.5], 5.7551, 5.8421) -- ([0.6], 5.6506, 5.8421) -- ([0.7], 5.5296, 5.5296) -- ([0.8], 5.3934, 5.3934) -- ([0.9], 5.2432, 5.2432) -- ([1.0], 5.0806, 5.0806) -- ([1.1], 4.9071, 4.9071) -- ([1.2], 4.7247, 4.7247) -- ([1.3], 4.5349, 4.1414) -- ([1.4], 4.3399, 4.1414) -- ([1.5], 4.1414, 4.1414) -- ([1.6], 3.9416, 4.1414) -- ([1.7], 3.7423, 3.7423) -- ([1.8], 3.5455, 3.1677) -- ([1.9], 3.3534, 3.1677) -- ([2.0], 3.1677, 3.1677) -- ([2.1], 2.9903, 3.1677) -- ([2.2], 2.8229, 3.1677) -- ([2.3], 2.6674, 2.6674) -- ([2.4], 2.5252, 2.3977) -- ([2.5], 2.3977, 2.3977) -- ([2.6], 2.2862, 2.3977) -- ([2.7], 2.1918, 2.3977) -- ([2.8], 2.1155, 2.1155) -- ([2.9], 2.058, 2.058) -- ([3.0], 2.02, 2.02) -- ([3.1], 2.0017, 2.127) -- ([3.2], 2.0034, 2.3037) -- ([3.3], 2.025, 2.3037) -- ([3.4], 2.0664, 2.3037) -- ([3.5], 2.127, 2.3037) -- ([3.6], 2.2064, 2.3037) -- ([3.7], 2.3037, 2.3037) -- ([3.8], 2.418, 2.418) -- ([3.9], 2.5481, 4.5673) -- ([4.0], 2.6927, 4.5673) -- ([4.1], 2.8503, 4.5673) -- ([4.2], 3.0194, 4.5673) -- ([4.3], 3.1984, 4.5673) -- ([4.4], 3.3853, 4.5673) -- ([4.5], 3.5784, 4.5673) -- ([4.6], 3.7756, 4.5673) -- ([4.7], 3.9752, 4.5673) -- ([4.8], 4.1749, 4.5673) -- ([4.9], 4.373, 4.5673) -- ([5.0], 4.5673, 4.5673) -- ([5.1], 4.7559, 4.5673) -- ([5.2], 4.937, 4.5673) -- ([5.3], 5.1087, 5.1087) -- ([5.4], 5.2693, 5.2693) -- ([5.5], 5.4173, 5.4173) -- ([5.6], 5.5511, 5.771) -- ([5.7], 5.6694, 5.771) -- ([5.8], 5.771, 5.771) -- ([5.9], 5.8549, 5.8549) -- ([6.0], 5.9203, 5.9531) -- ([6.1], 5.9665, 5.9531) -- ([6.2], 5.993, 5.9531) -- ([6.3], 5.9997, 5.9531) -- ([6.4], 5.9863, 5.9531) -- ([6.5], 5.9531, 5.9531) -- ([6.6], 5.9004, 5.9531) -- ([6.7], 5.8287, 5.8287) -- ([6.8], 5.7387, 5.6314) -- ([6.9], 5.6314, 5.6314) -- ([7.0], 5.5078, 5.6314) -- ([7.1], 5.369, 5.6314) -- ([7.2], 5.2167, 5.6314) -- ([7.3], 5.0521, 5.6314) -- ([7.4], 4.877, 5.6314) -- ([7.5], 4.6932, 5.6314) -- ([7.6], 4.5025, 4.5025) -- ([7.7], 4.3067, 4.3067) -- ([7.8], 4.1079, 2.0503) -- ([7.9], 3.9079, 2.0503) -- ([8.0], 3.7089, 2.0503) -- ([8.1], 3.5129, 2.0503) -- ([8.2], 3.3216, 2.0503) -- ([8.3], 3.1372, 2.0503) -- ([8.4], 2.9614, 2.0503) -- ([8.5], 2.7959, 2.0503) -- ([8.6], 2.6425, 2.0503) -- ([8.7], 2.5027, 2.0503) -- ([8.8], 2.3778, 2.0503) -- ([8.9], 2.2691, 2.0503) -- ([9.0], 2.1777, 2.0503) -- ([9.1], 2.1045, 2.0503) -- ([9.2], 2.0503, 2.0503) -- ([9.3], 2.0155, 2.0503) -- ([9.4], 2.0006, 2.3778) -- ([9.5], 2.0056, 2.3778) -- ([9.6], 2.0306, 2.0306) -- ([9.7], 2.0752, 2.0752) -- ([9.8], 2.1391, 2.2216) -- ([9.9], 2.2216, 2.3218) -- ([10.0], 2.3218, 2.3218) -- 
 Accuracy : 89.388514916

